{
 "cells": [
  {
   "cell_type": "code",
   "execution_count": 2,
   "metadata": {},
   "outputs": [],
   "source": [
    "import pandas as pd\n",
    "import numpy as np"
   ]
  },
  {
   "cell_type": "code",
   "execution_count": 3,
   "metadata": {},
   "outputs": [],
   "source": [
    "edo = pd.read_csv(r'C:\\KGR5\\edogawa2017+cluster.csv', encoding = 'cp932')"
   ]
  },
  {
   "cell_type": "code",
   "execution_count": 4,
   "metadata": {},
   "outputs": [
    {
     "data": {
      "text/html": [
       "<div>\n",
       "<style scoped>\n",
       "    .dataframe tbody tr th:only-of-type {\n",
       "        vertical-align: middle;\n",
       "    }\n",
       "\n",
       "    .dataframe tbody tr th {\n",
       "        vertical-align: top;\n",
       "    }\n",
       "\n",
       "    .dataframe thead th {\n",
       "        text-align: right;\n",
       "    }\n",
       "</style>\n",
       "<table border=\"1\" class=\"dataframe\">\n",
       "  <thead>\n",
       "    <tr style=\"text-align: right;\">\n",
       "      <th></th>\n",
       "      <th>#</th>\n",
       "      <th>地区</th>\n",
       "      <th>自転車盗数</th>\n",
       "      <th>住民数(合計)</th>\n",
       "      <th>住民数(男性)</th>\n",
       "      <th>住民数(女性)</th>\n",
       "      <th>人口密度[人/k㎡]</th>\n",
       "      <th>面積[k㎡]</th>\n",
       "      <th>世帯数</th>\n",
       "      <th>クラスタ</th>\n",
       "      <th>...</th>\n",
       "      <th>男性30代</th>\n",
       "      <th>男性40代</th>\n",
       "      <th>男性50代</th>\n",
       "      <th>男性60以上</th>\n",
       "      <th>女性未成年</th>\n",
       "      <th>女性20代</th>\n",
       "      <th>女性30代</th>\n",
       "      <th>女性40代</th>\n",
       "      <th>女性50代</th>\n",
       "      <th>女性60以上</th>\n",
       "    </tr>\n",
       "  </thead>\n",
       "  <tbody>\n",
       "    <tr>\n",
       "      <th>0</th>\n",
       "      <td>0</td>\n",
       "      <td>東小松川</td>\n",
       "      <td>32</td>\n",
       "      <td>11383</td>\n",
       "      <td>5814</td>\n",
       "      <td>5569</td>\n",
       "      <td>10045.005290</td>\n",
       "      <td>1.1332</td>\n",
       "      <td>5479</td>\n",
       "      <td>0</td>\n",
       "      <td>...</td>\n",
       "      <td>828</td>\n",
       "      <td>984</td>\n",
       "      <td>789</td>\n",
       "      <td>1477</td>\n",
       "      <td>1011</td>\n",
       "      <td>626</td>\n",
       "      <td>761</td>\n",
       "      <td>907</td>\n",
       "      <td>677</td>\n",
       "      <td>1682</td>\n",
       "    </tr>\n",
       "    <tr>\n",
       "      <th>1</th>\n",
       "      <td>1</td>\n",
       "      <td>西小松川町</td>\n",
       "      <td>3</td>\n",
       "      <td>3380</td>\n",
       "      <td>1764</td>\n",
       "      <td>1616</td>\n",
       "      <td>6452.844597</td>\n",
       "      <td>0.5238</td>\n",
       "      <td>1596</td>\n",
       "      <td>0</td>\n",
       "      <td>...</td>\n",
       "      <td>206</td>\n",
       "      <td>286</td>\n",
       "      <td>232</td>\n",
       "      <td>506</td>\n",
       "      <td>283</td>\n",
       "      <td>135</td>\n",
       "      <td>162</td>\n",
       "      <td>242</td>\n",
       "      <td>218</td>\n",
       "      <td>565</td>\n",
       "    </tr>\n",
       "    <tr>\n",
       "      <th>2</th>\n",
       "      <td>2</td>\n",
       "      <td>小松川</td>\n",
       "      <td>40</td>\n",
       "      <td>16293</td>\n",
       "      <td>7852</td>\n",
       "      <td>8441</td>\n",
       "      <td>9531.414531</td>\n",
       "      <td>1.7094</td>\n",
       "      <td>7003</td>\n",
       "      <td>0</td>\n",
       "      <td>...</td>\n",
       "      <td>861</td>\n",
       "      <td>1362</td>\n",
       "      <td>1214</td>\n",
       "      <td>1906</td>\n",
       "      <td>1593</td>\n",
       "      <td>796</td>\n",
       "      <td>920</td>\n",
       "      <td>1466</td>\n",
       "      <td>1204</td>\n",
       "      <td>2425</td>\n",
       "    </tr>\n",
       "    <tr>\n",
       "      <th>3</th>\n",
       "      <td>3</td>\n",
       "      <td>西葛西</td>\n",
       "      <td>172</td>\n",
       "      <td>45320</td>\n",
       "      <td>22636</td>\n",
       "      <td>22684</td>\n",
       "      <td>22787.610620</td>\n",
       "      <td>1.9888</td>\n",
       "      <td>22369</td>\n",
       "      <td>1</td>\n",
       "      <td>...</td>\n",
       "      <td>3751</td>\n",
       "      <td>3962</td>\n",
       "      <td>3023</td>\n",
       "      <td>4496</td>\n",
       "      <td>4261</td>\n",
       "      <td>2974</td>\n",
       "      <td>3585</td>\n",
       "      <td>3849</td>\n",
       "      <td>2714</td>\n",
       "      <td>5318</td>\n",
       "    </tr>\n",
       "    <tr>\n",
       "      <th>4</th>\n",
       "      <td>4</td>\n",
       "      <td>中葛西</td>\n",
       "      <td>137</td>\n",
       "      <td>38262</td>\n",
       "      <td>20003</td>\n",
       "      <td>18259</td>\n",
       "      <td>23319.112630</td>\n",
       "      <td>1.6408</td>\n",
       "      <td>21215</td>\n",
       "      <td>1</td>\n",
       "      <td>...</td>\n",
       "      <td>3534</td>\n",
       "      <td>3707</td>\n",
       "      <td>2664</td>\n",
       "      <td>3396</td>\n",
       "      <td>3133</td>\n",
       "      <td>3097</td>\n",
       "      <td>2980</td>\n",
       "      <td>3257</td>\n",
       "      <td>2119</td>\n",
       "      <td>3716</td>\n",
       "    </tr>\n",
       "    <tr>\n",
       "      <th>5</th>\n",
       "      <td>5</td>\n",
       "      <td>北葛西</td>\n",
       "      <td>42</td>\n",
       "      <td>19816</td>\n",
       "      <td>10114</td>\n",
       "      <td>9702</td>\n",
       "      <td>11756.748740</td>\n",
       "      <td>1.6855</td>\n",
       "      <td>8997</td>\n",
       "      <td>0</td>\n",
       "      <td>...</td>\n",
       "      <td>1348</td>\n",
       "      <td>1802</td>\n",
       "      <td>1454</td>\n",
       "      <td>2461</td>\n",
       "      <td>1897</td>\n",
       "      <td>981</td>\n",
       "      <td>1205</td>\n",
       "      <td>1657</td>\n",
       "      <td>1175</td>\n",
       "      <td>2792</td>\n",
       "    </tr>\n",
       "    <tr>\n",
       "      <th>6</th>\n",
       "      <td>6</td>\n",
       "      <td>南葛西</td>\n",
       "      <td>113</td>\n",
       "      <td>34164</td>\n",
       "      <td>17521</td>\n",
       "      <td>16643</td>\n",
       "      <td>22611.688400</td>\n",
       "      <td>1.5109</td>\n",
       "      <td>15217</td>\n",
       "      <td>1</td>\n",
       "      <td>...</td>\n",
       "      <td>2788</td>\n",
       "      <td>3189</td>\n",
       "      <td>2370</td>\n",
       "      <td>3273</td>\n",
       "      <td>3628</td>\n",
       "      <td>2154</td>\n",
       "      <td>2545</td>\n",
       "      <td>3006</td>\n",
       "      <td>2051</td>\n",
       "      <td>3606</td>\n",
       "    </tr>\n",
       "    <tr>\n",
       "      <th>7</th>\n",
       "      <td>7</td>\n",
       "      <td>東葛西</td>\n",
       "      <td>170</td>\n",
       "      <td>42692</td>\n",
       "      <td>22648</td>\n",
       "      <td>20044</td>\n",
       "      <td>15219.964350</td>\n",
       "      <td>2.8050</td>\n",
       "      <td>22872</td>\n",
       "      <td>1</td>\n",
       "      <td>...</td>\n",
       "      <td>3954</td>\n",
       "      <td>4176</td>\n",
       "      <td>3079</td>\n",
       "      <td>3910</td>\n",
       "      <td>3589</td>\n",
       "      <td>3363</td>\n",
       "      <td>3341</td>\n",
       "      <td>3551</td>\n",
       "      <td>2384</td>\n",
       "      <td>4125</td>\n",
       "    </tr>\n",
       "    <tr>\n",
       "      <th>8</th>\n",
       "      <td>8</td>\n",
       "      <td>新堀</td>\n",
       "      <td>9</td>\n",
       "      <td>4576</td>\n",
       "      <td>2409</td>\n",
       "      <td>2167</td>\n",
       "      <td>13298.459750</td>\n",
       "      <td>0.3441</td>\n",
       "      <td>1897</td>\n",
       "      <td>0</td>\n",
       "      <td>...</td>\n",
       "      <td>289</td>\n",
       "      <td>503</td>\n",
       "      <td>335</td>\n",
       "      <td>427</td>\n",
       "      <td>517</td>\n",
       "      <td>221</td>\n",
       "      <td>280</td>\n",
       "      <td>439</td>\n",
       "      <td>245</td>\n",
       "      <td>465</td>\n",
       "    </tr>\n",
       "    <tr>\n",
       "      <th>9</th>\n",
       "      <td>9</td>\n",
       "      <td>清新町</td>\n",
       "      <td>43</td>\n",
       "      <td>14339</td>\n",
       "      <td>6907</td>\n",
       "      <td>7432</td>\n",
       "      <td>14975.456920</td>\n",
       "      <td>0.9575</td>\n",
       "      <td>5988</td>\n",
       "      <td>0</td>\n",
       "      <td>...</td>\n",
       "      <td>937</td>\n",
       "      <td>981</td>\n",
       "      <td>804</td>\n",
       "      <td>2143</td>\n",
       "      <td>1291</td>\n",
       "      <td>614</td>\n",
       "      <td>943</td>\n",
       "      <td>999</td>\n",
       "      <td>944</td>\n",
       "      <td>2674</td>\n",
       "    </tr>\n",
       "  </tbody>\n",
       "</table>\n",
       "<p>10 rows × 22 columns</p>\n",
       "</div>"
      ],
      "text/plain": [
       "   #     地区  自転車盗数  住民数(合計)  住民数(男性)  住民数(女性)    人口密度[人/k㎡]  面積[k㎡]    世帯数  \\\n",
       "0  0   東小松川     32    11383     5814     5569  10045.005290  1.1332   5479   \n",
       "1  1  西小松川町      3     3380     1764     1616   6452.844597  0.5238   1596   \n",
       "2  2    小松川     40    16293     7852     8441   9531.414531  1.7094   7003   \n",
       "3  3    西葛西    172    45320    22636    22684  22787.610620  1.9888  22369   \n",
       "4  4    中葛西    137    38262    20003    18259  23319.112630  1.6408  21215   \n",
       "5  5    北葛西     42    19816    10114     9702  11756.748740  1.6855   8997   \n",
       "6  6    南葛西    113    34164    17521    16643  22611.688400  1.5109  15217   \n",
       "7  7    東葛西    170    42692    22648    20044  15219.964350  2.8050  22872   \n",
       "8  8     新堀      9     4576     2409     2167  13298.459750  0.3441   1897   \n",
       "9  9    清新町     43    14339     6907     7432  14975.456920  0.9575   5988   \n",
       "\n",
       "   クラスタ   ...    男性30代  男性40代  男性50代  男性60以上  女性未成年  女性20代  女性30代  女性40代  \\\n",
       "0     0   ...      828    984    789    1477   1011    626    761    907   \n",
       "1     0   ...      206    286    232     506    283    135    162    242   \n",
       "2     0   ...      861   1362   1214    1906   1593    796    920   1466   \n",
       "3     1   ...     3751   3962   3023    4496   4261   2974   3585   3849   \n",
       "4     1   ...     3534   3707   2664    3396   3133   3097   2980   3257   \n",
       "5     0   ...     1348   1802   1454    2461   1897    981   1205   1657   \n",
       "6     1   ...     2788   3189   2370    3273   3628   2154   2545   3006   \n",
       "7     1   ...     3954   4176   3079    3910   3589   3363   3341   3551   \n",
       "8     0   ...      289    503    335     427    517    221    280    439   \n",
       "9     0   ...      937    981    804    2143   1291    614    943    999   \n",
       "\n",
       "   女性50代  女性60以上  \n",
       "0    677    1682  \n",
       "1    218     565  \n",
       "2   1204    2425  \n",
       "3   2714    5318  \n",
       "4   2119    3716  \n",
       "5   1175    2792  \n",
       "6   2051    3606  \n",
       "7   2384    4125  \n",
       "8    245     465  \n",
       "9    944    2674  \n",
       "\n",
       "[10 rows x 22 columns]"
      ]
     },
     "execution_count": 4,
     "metadata": {},
     "output_type": "execute_result"
    }
   ],
   "source": [
    "edo[0:10]"
   ]
  },
  {
   "cell_type": "code",
   "execution_count": 12,
   "metadata": {},
   "outputs": [
    {
     "data": {
      "text/html": [
       "<div>\n",
       "<style scoped>\n",
       "    .dataframe tbody tr th:only-of-type {\n",
       "        vertical-align: middle;\n",
       "    }\n",
       "\n",
       "    .dataframe tbody tr th {\n",
       "        vertical-align: top;\n",
       "    }\n",
       "\n",
       "    .dataframe thead th {\n",
       "        text-align: right;\n",
       "    }\n",
       "</style>\n",
       "<table border=\"1\" class=\"dataframe\">\n",
       "  <thead>\n",
       "    <tr style=\"text-align: right;\">\n",
       "      <th></th>\n",
       "      <th>自転車盗数</th>\n",
       "      <th>男性未成年</th>\n",
       "      <th>男性20代</th>\n",
       "      <th>男性30代</th>\n",
       "      <th>男性40代</th>\n",
       "      <th>男性50代</th>\n",
       "      <th>男性60以上</th>\n",
       "      <th>女性未成年</th>\n",
       "      <th>女性20代</th>\n",
       "      <th>女性30代</th>\n",
       "      <th>女性40代</th>\n",
       "      <th>女性50代</th>\n",
       "      <th>女性60以上</th>\n",
       "    </tr>\n",
       "  </thead>\n",
       "  <tbody>\n",
       "    <tr>\n",
       "      <th>0</th>\n",
       "      <td>32</td>\n",
       "      <td>1035</td>\n",
       "      <td>744</td>\n",
       "      <td>828</td>\n",
       "      <td>984</td>\n",
       "      <td>789</td>\n",
       "      <td>1477</td>\n",
       "      <td>1011</td>\n",
       "      <td>626</td>\n",
       "      <td>761</td>\n",
       "      <td>907</td>\n",
       "      <td>677</td>\n",
       "      <td>1682</td>\n",
       "    </tr>\n",
       "    <tr>\n",
       "      <th>1</th>\n",
       "      <td>3</td>\n",
       "      <td>294</td>\n",
       "      <td>238</td>\n",
       "      <td>206</td>\n",
       "      <td>286</td>\n",
       "      <td>232</td>\n",
       "      <td>506</td>\n",
       "      <td>283</td>\n",
       "      <td>135</td>\n",
       "      <td>162</td>\n",
       "      <td>242</td>\n",
       "      <td>218</td>\n",
       "      <td>565</td>\n",
       "    </tr>\n",
       "    <tr>\n",
       "      <th>2</th>\n",
       "      <td>40</td>\n",
       "      <td>1648</td>\n",
       "      <td>767</td>\n",
       "      <td>861</td>\n",
       "      <td>1362</td>\n",
       "      <td>1214</td>\n",
       "      <td>1906</td>\n",
       "      <td>1593</td>\n",
       "      <td>796</td>\n",
       "      <td>920</td>\n",
       "      <td>1466</td>\n",
       "      <td>1204</td>\n",
       "      <td>2425</td>\n",
       "    </tr>\n",
       "    <tr>\n",
       "      <th>3</th>\n",
       "      <td>172</td>\n",
       "      <td>4319</td>\n",
       "      <td>3117</td>\n",
       "      <td>3751</td>\n",
       "      <td>3962</td>\n",
       "      <td>3023</td>\n",
       "      <td>4496</td>\n",
       "      <td>4261</td>\n",
       "      <td>2974</td>\n",
       "      <td>3585</td>\n",
       "      <td>3849</td>\n",
       "      <td>2714</td>\n",
       "      <td>5318</td>\n",
       "    </tr>\n",
       "    <tr>\n",
       "      <th>4</th>\n",
       "      <td>137</td>\n",
       "      <td>3211</td>\n",
       "      <td>3541</td>\n",
       "      <td>3534</td>\n",
       "      <td>3707</td>\n",
       "      <td>2664</td>\n",
       "      <td>3396</td>\n",
       "      <td>3133</td>\n",
       "      <td>3097</td>\n",
       "      <td>2980</td>\n",
       "      <td>3257</td>\n",
       "      <td>2119</td>\n",
       "      <td>3716</td>\n",
       "    </tr>\n",
       "    <tr>\n",
       "      <th>5</th>\n",
       "      <td>42</td>\n",
       "      <td>1924</td>\n",
       "      <td>1114</td>\n",
       "      <td>1348</td>\n",
       "      <td>1802</td>\n",
       "      <td>1454</td>\n",
       "      <td>2461</td>\n",
       "      <td>1897</td>\n",
       "      <td>981</td>\n",
       "      <td>1205</td>\n",
       "      <td>1657</td>\n",
       "      <td>1175</td>\n",
       "      <td>2792</td>\n",
       "    </tr>\n",
       "    <tr>\n",
       "      <th>6</th>\n",
       "      <td>113</td>\n",
       "      <td>3727</td>\n",
       "      <td>2475</td>\n",
       "      <td>2788</td>\n",
       "      <td>3189</td>\n",
       "      <td>2370</td>\n",
       "      <td>3273</td>\n",
       "      <td>3628</td>\n",
       "      <td>2154</td>\n",
       "      <td>2545</td>\n",
       "      <td>3006</td>\n",
       "      <td>2051</td>\n",
       "      <td>3606</td>\n",
       "    </tr>\n",
       "    <tr>\n",
       "      <th>7</th>\n",
       "      <td>170</td>\n",
       "      <td>3890</td>\n",
       "      <td>4015</td>\n",
       "      <td>3954</td>\n",
       "      <td>4176</td>\n",
       "      <td>3079</td>\n",
       "      <td>3910</td>\n",
       "      <td>3589</td>\n",
       "      <td>3363</td>\n",
       "      <td>3341</td>\n",
       "      <td>3551</td>\n",
       "      <td>2384</td>\n",
       "      <td>4125</td>\n",
       "    </tr>\n",
       "    <tr>\n",
       "      <th>8</th>\n",
       "      <td>9</td>\n",
       "      <td>585</td>\n",
       "      <td>278</td>\n",
       "      <td>289</td>\n",
       "      <td>503</td>\n",
       "      <td>335</td>\n",
       "      <td>427</td>\n",
       "      <td>517</td>\n",
       "      <td>221</td>\n",
       "      <td>280</td>\n",
       "      <td>439</td>\n",
       "      <td>245</td>\n",
       "      <td>465</td>\n",
       "    </tr>\n",
       "    <tr>\n",
       "      <th>9</th>\n",
       "      <td>43</td>\n",
       "      <td>1359</td>\n",
       "      <td>708</td>\n",
       "      <td>937</td>\n",
       "      <td>981</td>\n",
       "      <td>804</td>\n",
       "      <td>2143</td>\n",
       "      <td>1291</td>\n",
       "      <td>614</td>\n",
       "      <td>943</td>\n",
       "      <td>999</td>\n",
       "      <td>944</td>\n",
       "      <td>2674</td>\n",
       "    </tr>\n",
       "  </tbody>\n",
       "</table>\n",
       "</div>"
      ],
      "text/plain": [
       "   自転車盗数  男性未成年  男性20代  男性30代  男性40代  男性50代  男性60以上  女性未成年  女性20代  女性30代  \\\n",
       "0     32   1035    744    828    984    789    1477   1011    626    761   \n",
       "1      3    294    238    206    286    232     506    283    135    162   \n",
       "2     40   1648    767    861   1362   1214    1906   1593    796    920   \n",
       "3    172   4319   3117   3751   3962   3023    4496   4261   2974   3585   \n",
       "4    137   3211   3541   3534   3707   2664    3396   3133   3097   2980   \n",
       "5     42   1924   1114   1348   1802   1454    2461   1897    981   1205   \n",
       "6    113   3727   2475   2788   3189   2370    3273   3628   2154   2545   \n",
       "7    170   3890   4015   3954   4176   3079    3910   3589   3363   3341   \n",
       "8      9    585    278    289    503    335     427    517    221    280   \n",
       "9     43   1359    708    937    981    804    2143   1291    614    943   \n",
       "\n",
       "   女性40代  女性50代  女性60以上  \n",
       "0    907    677    1682  \n",
       "1    242    218     565  \n",
       "2   1466   1204    2425  \n",
       "3   3849   2714    5318  \n",
       "4   3257   2119    3716  \n",
       "5   1657   1175    2792  \n",
       "6   3006   2051    3606  \n",
       "7   3551   2384    4125  \n",
       "8    439    245     465  \n",
       "9    999    944    2674  "
      ]
     },
     "execution_count": 12,
     "metadata": {},
     "output_type": "execute_result"
    }
   ],
   "source": [
    "edo_tmp = edo.drop(edo.columns[[0,1,3,4,5,6,7,8,9]], axis=1)\n",
    "#edo_tmp = edo_tmp.drop('Unnamed: 8', axis=1)\n",
    "edo_tmp[0:10]"
   ]
  },
  {
   "cell_type": "code",
   "execution_count": 13,
   "metadata": {},
   "outputs": [],
   "source": [
    "np_edo = edo_tmp.values"
   ]
  },
  {
   "cell_type": "code",
   "execution_count": 14,
   "metadata": {},
   "outputs": [
    {
     "data": {
      "text/plain": [
       "array([[  32, 1035,  744,  828,  984,  789, 1477, 1011,  626,  761,  907,\n",
       "         677, 1682],\n",
       "       [   3,  294,  238,  206,  286,  232,  506,  283,  135,  162,  242,\n",
       "         218,  565],\n",
       "       [  40, 1648,  767,  861, 1362, 1214, 1906, 1593,  796,  920, 1466,\n",
       "        1204, 2425],\n",
       "       [ 172, 4319, 3117, 3751, 3962, 3023, 4496, 4261, 2974, 3585, 3849,\n",
       "        2714, 5318],\n",
       "       [ 137, 3211, 3541, 3534, 3707, 2664, 3396, 3133, 3097, 2980, 3257,\n",
       "        2119, 3716],\n",
       "       [  42, 1924, 1114, 1348, 1802, 1454, 2461, 1897,  981, 1205, 1657,\n",
       "        1175, 2792],\n",
       "       [ 113, 3727, 2475, 2788, 3189, 2370, 3273, 3628, 2154, 2545, 3006,\n",
       "        2051, 3606],\n",
       "       [ 170, 3890, 4015, 3954, 4176, 3079, 3910, 3589, 3363, 3341, 3551,\n",
       "        2384, 4125],\n",
       "       [   9,  585,  278,  289,  503,  335,  427,  517,  221,  280,  439,\n",
       "         245,  465],\n",
       "       [  43, 1359,  708,  937,  981,  804, 2143, 1291,  614,  943,  999,\n",
       "         944, 2674]], dtype=int64)"
      ]
     },
     "execution_count": 14,
     "metadata": {},
     "output_type": "execute_result"
    }
   ],
   "source": [
    "np_edo[0:10]"
   ]
  },
  {
   "cell_type": "code",
   "execution_count": 10,
   "metadata": {},
   "outputs": [
    {
     "data": {
      "text/plain": [
       "array([[1.        , 0.86204148, 0.88176315, 0.90056478, 0.89066817,\n",
       "        0.89657317, 0.83925769, 0.86362923, 0.90238245, 0.90845758,\n",
       "        0.89148088, 0.89675469, 0.82831357],\n",
       "       [0.86204148, 1.        , 0.93802601, 0.96815187, 0.98677282,\n",
       "        0.98564401, 0.9109403 , 0.99824976, 0.95650325, 0.97782865,\n",
       "        0.99209871, 0.9779881 , 0.8927725 ],\n",
       "       [0.88176315, 0.93802601, 1.        , 0.98892241, 0.96555933,\n",
       "        0.96201845, 0.87669686, 0.92899876, 0.99340083, 0.97595347,\n",
       "        0.954249  , 0.93869978, 0.84640888],\n",
       "       [0.90056478, 0.96815187, 0.98892241, 1.        , 0.98412076,\n",
       "        0.98077155, 0.90239585, 0.96306801, 0.9949918 , 0.99628156,\n",
       "        0.97955208, 0.96550291, 0.87696713],\n",
       "       [0.89066817, 0.98677282, 0.96555933, 0.98412076, 1.        ,\n",
       "        0.99509675, 0.92244438, 0.98357135, 0.98217492, 0.98778489,\n",
       "        0.99690188, 0.9788796 , 0.90213575],\n",
       "       [0.89657317, 0.98564401, 0.96201845, 0.98077155, 0.99509675,\n",
       "        1.        , 0.94228611, 0.98242587, 0.97851944, 0.98520005,\n",
       "        0.9946547 , 0.99135165, 0.92413268],\n",
       "       [0.83925769, 0.9109403 , 0.87669686, 0.90239585, 0.92244438,\n",
       "        0.94228611, 1.        , 0.90610028, 0.90095318, 0.91622359,\n",
       "        0.9232106 , 0.95954839, 0.9972043 ],\n",
       "       [0.86362923, 0.99824976, 0.92899876, 0.96306801, 0.98357135,\n",
       "        0.98242587, 0.90610028, 1.        , 0.95065102, 0.97510101,\n",
       "        0.99071142, 0.97609952, 0.8888525 ],\n",
       "       [0.90238245, 0.95650325, 0.99340083, 0.9949918 , 0.98217492,\n",
       "        0.97851944, 0.90095318, 0.95065102, 1.        , 0.9896293 ,\n",
       "        0.97487144, 0.96047459, 0.8762416 ],\n",
       "       [0.90845758, 0.97782865, 0.97595347, 0.99628156, 0.98778489,\n",
       "        0.98520005, 0.91622359, 0.97510101, 0.9896293 , 1.        ,\n",
       "        0.98770504, 0.97605826, 0.89556188],\n",
       "       [0.89148088, 0.99209871, 0.954249  , 0.97955208, 0.99690188,\n",
       "        0.9946547 , 0.9232106 , 0.99071142, 0.97487144, 0.98770504,\n",
       "        1.        , 0.98372074, 0.90568917],\n",
       "       [0.89675469, 0.9779881 , 0.93869978, 0.96550291, 0.9788796 ,\n",
       "        0.99135165, 0.95954839, 0.97609952, 0.96047459, 0.97605826,\n",
       "        0.98372074, 1.        , 0.94782316],\n",
       "       [0.82831357, 0.8927725 , 0.84640888, 0.87696713, 0.90213575,\n",
       "        0.92413268, 0.9972043 , 0.8888525 , 0.8762416 , 0.89556188,\n",
       "        0.90568917, 0.94782316, 1.        ]])"
      ]
     },
     "execution_count": 10,
     "metadata": {},
     "output_type": "execute_result"
    }
   ],
   "source": [
    "np.corrcoef([np_edo[:, 0], np_edo[:, 1], np_edo[:, 2], np_edo[:, 3], np_edo[:, 4], np_edo[:, 5], np_edo[:, 6], np_edo[:, 7], np_edo[:, 8], np_edo[:, 9], np_edo[:, 10], np_edo[:, 11], np_edo[:, 12]])"
   ]
  },
  {
   "cell_type": "code",
   "execution_count": null,
   "metadata": {},
   "outputs": [],
   "source": []
  }
 ],
 "metadata": {
  "kernelspec": {
   "display_name": "Python 3",
   "language": "python",
   "name": "python3"
  },
  "language_info": {
   "codemirror_mode": {
    "name": "ipython",
    "version": 3
   },
   "file_extension": ".py",
   "mimetype": "text/x-python",
   "name": "python",
   "nbconvert_exporter": "python",
   "pygments_lexer": "ipython3",
   "version": "3.6.7"
  }
 },
 "nbformat": 4,
 "nbformat_minor": 2
}
